[588.075,183.487,65.7689]
[0.148269,-0.13483,0.979647,0.0113441]
[280.705,24.4395,32.1458]
[0.230957,0.101348,-0.961382,0.110147]
[0,0,0]
[0,0,0,0]
[0,0,0]
[0,0,0,0]
[0,0,0]
[0,0,0,0]
[0,0,0]
[0,0,0,0]
[0,0,0]
[0,0,0,0]
[0,0,0]
[0,0,0,0]
[0,0,0]
[0,0,0,0]
[0,0,0]
[0,0,0,0]
[0,0,0]
[0,0,0,0]
[0,0,0]
[0,0,0,0]
[0,0,0]
[0,0,0,0]
[0,0,0]
[0,0,0,0]
[0,0,0]
[0,0,0,0]
[0,0,0]
[0,0,0,0]
[0,0,0]
[0,0,0,0]
[0,0,0]
[0,0,0,0]
[0,0,0]
[0,0,0,0]
[0,0,0]
[0,0,0,0]
[0,0,0]
[0,0,0,0]
[0,0,0]
[0,0,0,0]
[0,0,0]
[0,0,0,0]
[0,0,0]
[0,0,0,0]
[0,0,0]
[0,0,0,0]
[0,0,0]
[0,0,0,0]
[0,0,0]
[0,0,0,0]
[0,0,0]
[0,0,0,0]
[0,0,0]
[0,0,0,0]
[0,0,0]
[0,0,0,0]
[0,0,0]
[0,0,0,0]
[0,0,0]
[0,0,0,0]
[0,0,0]
[0,0,0,0]
[0,0,0]
[0,0,0,0]
[0,0,0]
[0,0,0,0]
[0,0,0]
[0,0,0,0]
[0,0,0]
[0,0,0,0]
[0,0,0]
[0,0,0,0]
[0,0,0]
[0,0,0,0]
[0,0,0]
[0,0,0,0]
