[611.44,-27.89,224.449]
[0.00944177,-0.683755,0.728027,-0.0486451]
[644.394,-101.277,248.988]
[0.0502882,-0.62431,0.70283,-0.337251]
[523.263,-60.6114,299.53]
[0.174001,0.676373,-0.693884,-0.175408]
[595.777,-129.01,289.15]
[0.0243794,0.906602,-0.415169,0.0715047]
[618.942,-187.96,307.142]
[0.16417,-0.842915,0.405935,-0.312665]
[460.333,-168.636,234.188]
[0.220998,0.894353,-0.338849,-0.19098]
[599.281,-151.568,270.705]
[0.0377786,0.899128,-0.425889,0.0935999]
[670.898,-179.278,322.01]
[0.00626579,0.795508,-0.491244,0.354692]
[484.285,-164.518,282.814]
[0.214626,0.832557,-0.478979,-0.177098]
[607.053,-151.704,271.177]
[0.0435429,0.888002,-0.44311,0.114938]
[677.623,-163.387,309.081]
[0.00692656,0.794719,-0.485714,0.363945]
[468.793,-184.125,280.396]
[0.1903,0.872488,-0.408798,-0.188244]
[548.784,-186.771,272.164]
[0.0467402,0.321912,-0.941898,0.0837563]
[548.233,-268.293,287.483]
[0.0345072,0.406092,-0.848864,0.336644]
[437.647,-234.312,344.269]
[0.358989,0.483241,-0.79688,0.0508637]
[545.547,-188.145,321.594]
[0.107388,0.317319,-0.931892,0.139121]
[551.981,-205.568,252.123]
[0.00255872,0.327529,-0.905688,0.26916]
[439.979,-154.857,335.102]
[0.355546,0.516521,-0.778858,-0.0131616]
[528.426,-131.371,300.729]
[0.0919543,0.366092,-0.920625,0.0998486]
[529.969,-197.604,311.441]
[0.0401059,0.31661,-0.891718,0.320919]
[401.007,-183.587,347.68]
[0.328625,0.422988,-0.838621,0.0990017]
[449.316,-196.859,314.472]
[0.553028,0.384074,0.400725,-0.621343]
[414.122,-221.618,273.802]
[0.723328,0.471416,0.27102,-0.425572]
[462.303,-215.517,279.082]
[0.50695,0.150017,0.514123,-0.675407]
[421.692,-213.338,288.083]
[0.62851,0.348405,0.362867,-0.593226]
[403.178,-197.869,260.601]
[0.709753,0.500232,0.234349,-0.43715]
[483.556,-201.572,272.683]
[0.506441,0.153294,0.512874,-0.676002]
[440.087,-212.393,293.855]
[0.611615,0.371261,0.338931,-0.610915]
[410.657,-211.577,269.21]
[0.706357,0.493886,0.225447,-0.454214]
[474.59,-188.26,251.771]
[0.492528,0.144495,0.539815,-0.667186]
[568.409,-50.0706,168.031]
[0.388018,0.626286,-0.508495,0.445692]
[597.897,-140.049,251.922]
[0.277134,0.446737,-0.612838,0.58996]
[555.166,-173.477,237.291]
[0.43165,0.779491,-0.424846,0.15993]
[607.186,-181.659,238.005]
[0.309304,0.706126,-0.52565,0.359735]
[616.179,-213.082,301.784]
[0.247059,0.497929,-0.626062,0.546878]
[556.24,-153.474,290.311]
[0.446502,0.739007,-0.474158,0.172276]
[616.881,-165.294,302.315]
[0.33607,0.674696,-0.532435,0.38517]
[653.522,-168.17,320.943]
[0.158879,0.535113,-0.639666,0.52843]
[542.352,-142.859,293.766]
[0.423806,0.722127,-0.529962,0.134391]
[0,0,0]
[0,0,0,0]
